0 0.05078125 0.0390625 0.0400390625 0.013671875
0 0.0244140625 0.078125 0.048828125 0.0302734375
0 0.1123046875 0.056640625 0.0751953125 0.033203125
0 0.1376953125 0.005859375 0.044921875 0.01171875
0 0.09765625 0.0244140625 0.037109375 0.015625
0 0.0712890625 0.005859375 0.048828125 0.01171875
0 0.0302734375 0.001953125 0.0322265625 0.00390625
0 0.0107421875 0.009765625 0.0205078125 0.013671875
0 0.48046875 0.3994140625 0.130859375 0.0927734375
0 0.75390625 0.212890625 0.0390625 0.0263671875
0 0.5302734375 0.81640625 0.056640625 0.046875