0 0.4716796875 0.9228515625 0.2177734375 0.1162109375
0 0.265625 0.841796875 0.1337890625 0.08984375
0 0.423828125 0.7763671875 0.216796875 0.056640625
0 0.537109375 0.697265625 0.1123046875 0.048828125
0 0.380859375 0.587890625 0.087890625 0.0341796875
0 0.060546875 0.8271484375 0.12109375 0.203125
0 0.259765625 0.501953125 0.080078125 0.048828125
0 0.4873046875 0.4814453125 0.072265625 0.037109375
0 0.7412109375 0.759765625 0.0625 0.044921875
0 0.7255859375 0.662109375 0.0625 0.037109375
0 0.6748046875 0.6123046875 0.078125 0.044921875
0 0.8876953125 0.9326171875 0.22265625 0.1279296875